1664375679803 0.23000000417232513 0
1664375679942 0.3199999928474426 1
1664375680014 0.3400000035762787 2
1664375680099 0.41999998688697815 3
1664375680205 0.5 4
1664375680316 0.6100000143051147 5
1664375680430 0.6000000238418579 6
1664375680507 0.6399999856948853 7
1664375680886 0.6499999761581421 8
1664375680961 0.7599999904632568 9
1664375681043 0.7599999904632568 10
1664375681264 0.800000011920929 11
1664375681353 0.699999988079071 12
1664375681486 0.7799999713897705 13
1664375681596 0.8100000023841858 14
