1664375679803 2.2778306007385254 0
1664375679942 2.154406785964966 1
1664375680014 1.9909045696258545 2
1664375680099 1.7552183866500854 3
1664375680205 1.4878660440444946 4
1664375680316 1.1826456785202026 5
1664375680430 1.0416268110275269 6
1664375680507 0.9696522355079651 7
1664375680886 0.86649489402771 8
1664375680961 0.7075574994087219 9
1664375681043 0.7382268309593201 10
1664375681264 0.5904252529144287 11
1664375681353 0.8453443646430969 12
1664375681486 0.597152829170227 13
1664375681596 0.5489198565483093 14
